1.400000 0.514695 0.000000 
1.401000 0.514323 0.504809 
1.402000 0.513734 0.509152 
1.403000 0.513329 0.508212 
1.404000 0.512384 0.507844 
1.405000 0.511980 0.507389 
1.406000 0.511967 0.510775 
1.407000 0.511839 0.505050 
1.408000 0.511842 0.506375 
1.409000 0.512193 0.509181 
1.410000 0.512626 0.507558 
1.411000 0.511850 0.513686 
1.412000 0.512106 0.506614 
1.413000 0.510852 0.514917 
1.414000 0.510241 0.517147 
1.415000 0.509067 0.508229 
1.416000 0.510485 0.507580 
1.417000 0.509849 0.508944 
1.418000 0.508632 0.507937 
1.419000 0.509233 0.504741 
1.420000 0.508722 0.506669 
1.421000 0.508808 0.506055 
1.422000 0.507838 0.512082 
1.423000 0.508133 0.508134 
1.424000 0.507619 0.505426 
1.425000 0.507629 0.510079 
1.426000 0.506346 0.511007 
1.427000 0.507149 0.504213 
1.428000 0.507348 0.510438 
1.429000 0.506890 0.506680 
1.430000 0.505980 0.512058 
1.431000 0.506823 0.502257 
1.432000 0.505282 0.510869 
1.433000 0.505434 0.503727 
1.434000 0.504969 0.507803 
1.435000 0.504412 0.505762 
1.436000 0.504066 0.500765 
1.437000 0.504238 0.506347 
1.438000 0.504605 0.509395 
1.439000 0.504504 0.508741 
1.440000 0.503372 0.506820 
1.441000 0.503340 0.507976 
1.442000 0.503481 0.507638 
1.443000 0.503261 0.508307 
1.444000 0.502922 0.507437 
1.445000 0.501768 0.511950 
1.446000 0.502357 0.505525 
1.447000 0.502241 0.507320 
1.448000 0.501918 0.509675 
1.449000 0.501954 0.504454 
1.450000 0.500865 0.507336 
1.451000 0.500062 0.503225 
1.452000 0.500383 0.506911 
1.453000 0.499138 0.505938 
1.454000 0.500369 0.502887 
1.455000 0.499966 0.505076 
1.456000 0.499812 0.500701 
1.457000 0.499649 0.505681 
1.458000 0.498799 0.509802 
1.459000 0.498449 0.505502 
1.460000 0.499086 0.504982 
1.461000 0.498188 0.508629 
1.462000 0.498135 0.507587 
1.463000 0.496221 0.507406 
1.464000 0.498599 0.501598 
1.465000 0.496937 0.505548 
1.466000 0.497418 0.507002 
1.467000 0.496782 0.502331 
1.468000 0.497029 0.505181 
1.469000 0.496272 0.503852 
1.470000 0.495622 0.504867 
1.471000 0.495619 0.499220 
1.472000 0.495956 0.501676 
1.473000 0.493801 0.502973 
1.474000 0.494175 0.503744 
1.475000 0.495949 0.505433 
1.476000 0.495064 0.511779 
1.477000 0.493864 0.508788 
1.478000 0.493536 0.502428 
1.479000 0.493386 0.505916 
1.480000 0.493468 0.504802 
1.481000 0.492276 0.503489 
1.482000 0.492905 0.507231 
1.483000 0.493479 0.501220 
1.484000 0.492502 0.505003 
1.485000 0.492186 0.504998 
1.486000 0.492920 0.501624 
1.487000 0.491973 0.509855 
1.488000 0.492049 0.507372 
1.489000 0.490910 0.512732 
1.490000 0.491165 0.503765 
1.491000 0.490273 0.504205 
1.492000 0.490893 0.511260 
1.493000 0.490763 0.504972 
1.494000 0.491018 0.509091 
1.495000 0.489722 0.502190 
1.496000 0.490299 0.502584 
1.497000 0.489100 0.508871 
1.498000 0.489595 0.504219 
1.499000 0.488631 0.509481 
